% This file was generated by Sparlectra exportMatPower.jl
function mpc = SmallGrid
%% MATPOWER Case Format : Version 2
mpc.version = '2';
%%-----  Power Flow Data  -----%%
%% system MVA base
mpc.baseMVA = 700.0;
%% bus data
mpc.bus = [
%bus	type	Pd	Qd	Gs	Bs	area	Vm	Va	baseKV	zone	Vmax	Vmin
1	1	24.0	15.0	0.0	0.0	1	1.0	0.0	132.0	1	1.1	0.9; %Bus: Bus_1_132 (ID: #Bus_1_132#)
2	1	11.0	3.0	0.0	0.0	1	1.0	0.0	132.0	1	1.1	0.9; %Bus: Bus_2_132 (ID: #Bus_2_132#)
3	2	0.0	0.0	0.0	0.0	1	1.0	0.0	33.0	1	1.1	0.9; %Bus: Bus_3_33 (ID: #Bus_3_33#)
4	1	68.0	36.0	0.0	0.0	1	1.0	0.0	132.0	1	1.1	0.9; %Bus: Bus_4_132 (ID: #Bus_4_132#)
5	1	84.0	18.0	0.0	0.0	1	1.0	0.0	132.0	1	1.1	0.9; %Bus: Bus_5_132 (ID: #Bus_5_132#)
6	1	48.0	10.0	0.0	0.0	1	1.0	0.0	132.0	1	1.1	0.9; %Bus: Bus_6_132 (ID: #Bus_6_132#)
7	2	87.0	30.0	0.0	0.0	1	1.0	0.0	132.0	1	1.1	0.9; %Bus: Bus_7_132 (ID: #Bus_7_132#)
8	1	65.0	10.0	0.0	0.0	1	1.0	0.0	132.0	1	1.1	0.9; %Bus: Bus_8_132 (ID: #Bus_8_132#)
9	1	51.0	27.0	0.0	0.0	1	1.0	0.0	132.0	1	1.1	0.9; %Bus: Bus_9_132 (ID: #Bus_9_132#)
10	1	66.0	20.0	0.0	0.0	1	1.0	0.0	132.0	1	1.1	0.9; %Bus: Bus_10_132 (ID: #Bus_10_132#)
11	1	77.0	14.0	0.0	0.0	1	1.0	0.0	132.0	1	1.1	0.9; %Bus: Bus_11_132 (ID: #Bus_11_132#)
12	2	113.0	32.0	0.0	0.0	1	1.0	0.0	132.0	1	1.1	0.9; %Bus: Bus_12_132 (ID: #Bus_12_132#)
13	1	38.0	15.0	0.0	0.0	1	1.0	0.0	132.0	1	1.1	0.9; %Bus: Bus_13_132 (ID: #Bus_13_132#)
14	1	43.0	16.0	0.0	0.0	1	1.0	0.0	132.0	1	1.1	0.9; %Bus: Bus_14_132 (ID: #Bus_14_132#)
15	1	0.0	0.0	0.0	0.0	1	1.0	0.0	220.0	1	1.1	0.9; %Bus: Bus_15_220 (ID: #Bus_15_220#)
16	2	130.0	26.0	0.0	0.0	1	1.0	0.0	132.0	1	1.1	0.9; %Bus: Bus_16_132 (ID: #Bus_16_132#)
17	1	34.0	0.0	0.0	0.0	1	1.0	0.0	132.0	1	1.1	0.9; %Bus: Bus_17_132 (ID: #Bus_17_132#)
18	1	0.0	0.0	0.0	0.0	1	1.0	0.0	33.0	1	1.1	0.9; %Bus: Bus_18_33 (ID: #Bus_18_33#)
19	1	39.0	10.0	0.0	0.0	1	1.0	0.0	132.0	1	1.1	0.9; %Bus: Bus_19_132 (ID: #Bus_19_132#)
20	1	25.0	10.0	0.0	0.0	1	1.0	0.0	132.0	1	1.1	0.9; %Bus: Bus_20_132 (ID: #Bus_20_132#)
21	1	18.0	3.0	0.0	0.0	1	1.0	0.0	132.0	1	1.1	0.9; %Bus: Bus_21_132 (ID: #Bus_21_132#)
22	1	70.0	23.0	0.0	0.0	1	1.0	0.0	132.0	1	1.1	0.9; %Bus: Bus_22_132 (ID: #Bus_22_132#)
23	2	0.0	0.0	0.0	0.0	1	1.0	0.0	132.0	1	1.1	0.9; %Bus: Bus_23_132 (ID: #Bus_23_132#)
24	1	17.0	8.0	0.0	0.0	1	1.0	0.0	132.0	1	1.1	0.9; %Bus: Bus_24_132 (ID: #Bus_24_132#)
25	1	31.0	26.0	0.0	19.999999008	1	1.0	0.0	132.0	1	1.1	0.9; %Bus: Bus_25_132 (ID: #Bus_25_132#)
26	1	163.0	42.0	0.0	0.0	1	1.0	0.0	132.0	1	1.1	0.9; %Bus: Bus_26_132 (ID: #Bus_26_132#)
27	1	33.0	9.0	0.0	0.0	1	1.0	0.0	132.0	1	1.1	0.9; %Bus: Bus_27_132 (ID: #Bus_27_132#)
28	2	33.0	15.0	0.0	0.0	1	1.0	0.0	132.0	1	1.1	0.9; %Bus: Bus_28_132 (ID: #Bus_28_132#)
29	1	0.0	0.0	0.0	0.0	1	1.0	0.0	33.0	1	1.1	0.9; %Bus: Bus_29_33 (ID: #Bus_29_33#)
30	1	47.0	11.0	0.0	0.0	1	1.0	0.0	132.0	1	1.1	0.9; %Bus: Bus_30_132 (ID: #Bus_30_132#)
31	1	0.0	0.0	0.0	0.0	1	1.0	0.0	220.0	1	1.1	0.9; %Bus: Bus_31_220 (ID: #Bus_31_220#)
32	1	0.0	0.0	0.0	24.99999876	1	1.0	0.0	132.0	1	1.1	0.9; %Bus: Bus_32_132 (ID: #Bus_32_132#)
33	3	0.0	0.0	0.0	0.0	1	1.0	0.0	132.0	1	1.1	0.9; %Bus: Bus_33_132* (slack) (ID: #Bus_33_132*#)
34	1	39.0	12.0	0.0	0.0	1	1.0	0.0	132.0	1	1.1	0.9; %Bus: Bus_34_132 (ID: #Bus_34_132#)
35	2	39.0	18.0	0.0	0.0	1	1.0	0.0	132.0	1	1.1	0.9; %Bus: Bus_35_132 (ID: #Bus_35_132#)
36	1	38.0	25.0	0.0	0.0	1	1.0	0.0	132.0	1	1.1	0.9; %Bus: Bus_36_132 (ID: #Bus_36_132#)
37	1	31.0	17.0	0.0	0.0	1	1.0	0.0	132.0	1	1.1	0.9; %Bus: Bus_37_132 (ID: #Bus_37_132#)
38	1	0.0	0.0	0.0	0.0	1	1.0	0.0	33.0	1	1.1	0.9; %Bus: Bus_38_33 (ID: #Bus_38_33#)
39	1	37.0	10.0	0.0	0.0	1	1.0	0.0	132.0	1	1.1	0.9; %Bus: Bus_39_132 (ID: #Bus_39_132#)
40	2	28.0	10.0	0.0	9.999999504	1	1.0	0.0	132.0	1	1.1	0.9; %Bus: Bus_40_132 (ID: #Bus_40_132#)
41	1	7.0	3.0	0.0	0.0	1	1.0	0.0	132.0	1	1.1	0.9; %Bus: Bus_41_132 (ID: #Bus_41_132#)
42	1	68.0	27.0	0.0	12.000004631999998	1	1.0	0.0	132.0	1	1.1	0.9; %Bus: Bus_42_132 (ID: #Bus_42_132#)
43	2	43.0	27.0	0.0	0.0	1	1.0	0.0	132.0	1	1.1	0.9; %Bus: Bus_43_132 (ID: #Bus_43_132#)
44	1	12.0	3.0	0.0	0.0	1	1.0	0.0	132.0	1	1.1	0.9; %Bus: Bus_44_132 (ID: #Bus_44_132#)
45	1	61.0	28.0	0.0	0.0	1	1.0	0.0	132.0	1	1.1	0.9; %Bus: Bus_45_132 (ID: #Bus_45_132#)
46	1	14.0	1.0	0.0	0.0	1	1.0	0.0	132.0	1	1.1	0.9; %Bus: Bus_46_132 (ID: #Bus_46_132#)
47	1	21.0	10.0	0.0	0.0	1	1.0	0.0	132.0	1	1.1	0.9; %Bus: Bus_47_132 (ID: #Bus_47_132#)
48	1	59.0	23.0	0.0	0.0	1	1.0	0.0	132.0	1	1.1	0.9; %Bus: Bus_48_132 (ID: #Bus_48_132#)
49	2	277.0	113.0	0.0	0.0	1	1.0	0.0	132.0	1	1.1	0.9; %Bus: Bus_49_132 (ID: #Bus_49_132#)
50	1	0.0	0.0	0.0	0.0	1	1.0	0.0	220.0	1	1.1	0.9; %Bus: Bus_50_220 (ID: #Bus_50_220#)
51	2	0.0	0.0	0.0	0.0	1	1.0	0.0	132.0	1	1.1	0.9; %Bus: Bus_51_132 (ID: #Bus_51_132#)
52	1	0.0	0.0	0.0	39.999998016	1	1.0	0.0	132.0	1	1.1	0.9; %Bus: Bus_52_132 (ID: #Bus_52_132#)
53	2	37.0	18.0	0.0	0.0	1	1.0	0.0	132.0	1	1.1	0.9; %Bus: Bus_53_132 (ID: #Bus_53_132#)
54	1	63.0	22.0	0.0	0.0	1	1.0	0.0	132.0	1	1.1	0.9; %Bus: Bus_54_132 (ID: #Bus_54_132#)
55	1	71.0	13.0	0.0	0.0	1	1.0	0.0	132.0	1	1.1	0.9; %Bus: Bus_55_132 (ID: #Bus_55_132#)
56	1	39.0	30.0	0.0	6.0000005735999995	1	1.0	0.0	132.0	1	1.1	0.9; %Bus: Bus_56_132 (ID: #Bus_56_132#)
57	1	10.0	5.0	0.0	0.0	1	1.0	0.0	132.0	1	1.1	0.9; %Bus: Bus_57_132 (ID: #Bus_57_132#)
58	1	10.0	0.0	0.0	0.0	1	1.0	0.0	132.0	1	1.1	0.9; %Bus: Bus_58_132 (ID: #Bus_58_132#)
59	1	8.0	3.0	0.0	0.0	1	1.0	0.0	132.0	1	1.1	0.9; %Bus: Bus_59_132 (ID: #Bus_59_132#)
60	1	12.0	7.0	0.0	0.0	1	1.0	0.0	132.0	1	1.1	0.9; %Bus: Bus_60_132 (ID: #Bus_60_132#)
61	1	6.0	0.0	0.0	0.0	1	1.0	0.0	132.0	1	1.1	0.9; %Bus: Bus_61_132 (ID: #Bus_61_132#)
62	2	47.0	10.0	0.0	0.0	1	1.0	0.0	132.0	1	1.1	0.9; %Bus: Bus_62_132 (ID: #Bus_62_132#)
63	1	52.0	22.0	0.0	0.0	1	1.0	0.0	132.0	1	1.1	0.9; %Bus: Bus_63_132 (ID: #Bus_63_132#)
64	1	78.0	3.0	0.0	0.0	1	1.0	0.0	132.0	1	1.1	0.9; %Bus: Bus_64_132 (ID: #Bus_64_132#)
65	1	90.0	30.0	0.0	0.0	1	1.0	0.0	132.0	1	1.1	0.9; %Bus: Bus_65_132 (ID: #Bus_65_132#)
66	2	0.0	0.0	0.0	0.0	1	1.0	0.0	220.0	1	1.1	0.9; %Bus: Bus_66_220 (ID: #Bus_66_220#)
67	1	34.0	16.0	0.0	0.0	1	1.0	0.0	132.0	1	1.1	0.9; %Bus: Bus_67_132 (ID: #Bus_67_132#)
68	1	15.0	9.0	0.0	0.0	1	1.0	0.0	132.0	1	1.1	0.9; %Bus: Bus_68_132 (ID: #Bus_68_132#)
69	1	22.0	7.0	0.0	0.0	1	1.0	0.0	132.0	1	1.1	0.9; %Bus: Bus_69_132 (ID: #Bus_69_132#)
70	2	0.0	0.0	0.0	0.0	1	1.0	0.0	132.0	1	1.1	0.9; %Bus: Bus_70_132 (ID: #Bus_70_132#)
71	1	53.0	22.0	0.0	9.999999504	1	1.0	0.0	132.0	1	1.1	0.9; %Bus: Bus_71_132 (ID: #Bus_71_132#)
72	1	11.0	7.0	0.0	0.0	1	1.0	0.0	132.0	1	1.1	0.9; %Bus: Bus_72_132 (ID: #Bus_72_132#)
73	1	45.0	25.0	0.0	0.0	1	1.0	0.0	132.0	1	1.1	0.9; %Bus: Bus_73_132 (ID: #Bus_73_132#)
74	1	22.0	15.0	0.0	0.0	1	1.0	0.0	132.0	1	1.1	0.9; %Bus: Bus_74_132 (ID: #Bus_74_132#)
75	1	42.0	31.0	0.0	0.0	1	1.0	0.0	132.0	1	1.1	0.9; %Bus: Bus_75_132 (ID: #Bus_75_132#)
76	1	42.0	0.0	0.0	0.0	1	1.0	0.0	132.0	1	1.1	0.9; %Bus: Bus_76_132 (ID: #Bus_76_132#)
77	1	71.0	26.0	0.0	0.0	1	1.0	0.0	132.0	1	1.1	0.9; %Bus: Bus_77_132 (ID: #Bus_77_132#)
78	1	30.0	16.0	0.0	0.0	1	1.0	0.0	132.0	1	1.1	0.9; %Bus: Bus_78_132 (ID: #Bus_78_132#)
79	1	5.0	3.0	0.0	0.0	1	1.0	0.0	132.0	1	1.1	0.9; %Bus: Bus_79_132 (ID: #Bus_79_132#)
80	1	23.0	9.0	0.0	0.0	1	1.0	0.0	132.0	1	1.1	0.9; %Bus: Bus_80_132 (ID: #Bus_80_132#)
81	2	0.0	0.0	0.0	0.0	1	1.0	0.0	220.0	1	1.1	0.9; %Bus: Bus_81_220 (ID: #Bus_81_220#)
82	1	16.0	8.0	0.0	9.999999504	1	1.0	0.0	132.0	1	1.1	0.9; %Bus: Bus_82_132 (ID: #Bus_82_132#)
83	1	12.0	0.0	0.0	0.0	1	1.0	0.0	132.0	1	1.1	0.9; %Bus: Bus_83_132 (ID: #Bus_83_132#)
84	1	66.0	23.0	0.0	0.0	1	1.0	0.0	132.0	1	1.1	0.9; %Bus: Bus_84_132 (ID: #Bus_84_132#)
85	1	59.0	26.0	0.0	14.000001048	1	1.0	0.0	132.0	1	1.1	0.9; %Bus: Bus_85_132 (ID: #Bus_85_132#)
86	1	23.0	11.0	0.0	0.0	1	1.0	0.0	132.0	1	1.1	0.9; %Bus: Bus_86_132 (ID: #Bus_86_132#)
87	1	17.0	7.0	0.0	0.0	1	1.0	0.0	132.0	1	1.1	0.9; %Bus: Bus_87_132 (ID: #Bus_87_132#)
88	1	28.0	7.0	0.0	0.0	1	1.0	0.0	132.0	1	1.1	0.9; %Bus: Bus_88_132 (ID: #Bus_88_132#)
89	1	13.0	0.0	0.0	0.0	1	1.0	0.0	132.0	1	1.1	0.9; %Bus: Bus_89_132 (ID: #Bus_89_132#)
